0,0,kl_loss_0,3.2366323471069336
0,0,kl_loss_1,3.1082143783569336
0,0,kl_loss_2,3.233105182647705
0,0,kl_loss_3,3.140890598297119
0,0,kl_loss_4,3.2155189514160156
0,0,kl_loss_5,3.076169967651367
0,0,kl_loss_6,3.3281989097595215
0,0,kl_loss_7,3.178729295730591
0,0,kl_loss_8,3.4837021827697754
0,0,kl_loss_9,3.356100082397461
0,0,kl_loss_10,3.308804512023926
0,0,kl_loss_11,3.5806524753570557
0,0,kl_loss_12,3.3816356658935547
0,0,kl_loss_13,3.5634565353393555
0,0,kl_loss_14,3.490684747695923
0,0,kl_loss_15,3.0749354362487793
0,0,kl_loss_16,3.5495266914367676
0,0,kl_loss_17,3.132915735244751
0,0,kl_loss_18,3.371866464614868
0,0,kl_loss_19,2.9738736152648926
0,0,kl_loss_20,3.354097366333008
0,0,kl_loss_21,3.574594736099243
0,0,kl_loss_22,3.209329843521118
0,0,kl_loss_23,3.082348585128784
0,0,kl_loss_24,3.0190842151641846
0,0,kl_loss_25,3.415250301361084
0,0,kl_loss_26,3.217149496078491
0,0,kl_loss_27,3.444194793701172
0,0,kl_loss_28,3.4465556144714355
0,0,kl_loss_29,3.6245455741882324
0,0,kl_loss_30,3.352938652038574
0,0,kl_loss_31,3.4713759422302246
0,100,kl_loss_0,3.073591470718384
0,100,kl_loss_1,2.9228553771972656
0,100,kl_loss_2,2.9414479732513428
0,100,kl_loss_3,2.7853310108184814
0,100,kl_loss_4,2.710096597671509
0,100,kl_loss_5,3.4263083934783936
0,100,kl_loss_6,2.9827663898468018
0,100,kl_loss_7,3.2542452812194824
0,100,kl_loss_8,2.910017728805542
0,100,kl_loss_9,3.0249581336975098
0,100,kl_loss_10,3.2351560592651367
0,100,kl_loss_11,2.863320827484131
0,100,kl_loss_12,2.885225772857666
0,100,kl_loss_13,2.949397087097168
0,100,kl_loss_14,2.988603353500366
0,100,kl_loss_15,3.1337366104125977
0,100,kl_loss_16,2.7564191818237305
0,100,kl_loss_17,2.8710219860076904
0,100,kl_loss_18,3.0411787033081055
0,100,kl_loss_19,3.1605467796325684
0,100,kl_loss_20,2.9546968936920166
0,100,kl_loss_21,3.1808412075042725
0,100,kl_loss_22,2.8198678493499756
0,100,kl_loss_23,3.3659756183624268
0,100,kl_loss_24,3.060147285461426
0,100,kl_loss_25,3.2210850715637207
0,100,kl_loss_26,2.9220943450927734
0,100,kl_loss_27,3.0067343711853027
0,100,kl_loss_28,3.3067128658294678
0,100,kl_loss_29,3.0843191146850586
0,100,kl_loss_30,2.6365840435028076
0,100,kl_loss_31,2.647442102432251
0,200,kl_loss_0,2.3376474380493164
0,200,kl_loss_1,2.4439024925231934
0,200,kl_loss_2,2.415846347808838
0,200,kl_loss_3,2.4245810508728027
0,200,kl_loss_4,2.682058811187744
0,200,kl_loss_5,2.6503853797912598
0,200,kl_loss_6,2.4665260314941406
0,200,kl_loss_7,2.776993989944458
0,200,kl_loss_8,2.372706174850464
0,200,kl_loss_9,2.135075807571411
0,200,kl_loss_10,2.430816173553467
0,200,kl_loss_11,2.3875861167907715
0,200,kl_loss_12,2.5623834133148193
0,200,kl_loss_13,2.5583431720733643
0,200,kl_loss_14,2.6132097244262695
0,200,kl_loss_15,2.527707099914551
0,200,kl_loss_16,2.4564871788024902
0,200,kl_loss_17,2.6038382053375244
0,200,kl_loss_18,3.2015490531921387
0,200,kl_loss_19,2.6795215606689453
0,200,kl_loss_20,2.7595863342285156
0,200,kl_loss_21,2.336806058883667
0,200,kl_loss_22,2.345083713531494
0,200,kl_loss_23,2.9368643760681152
0,200,kl_loss_24,2.503356695175171
0,200,kl_loss_25,2.2179696559906006
0,200,kl_loss_26,2.555300712585449
0,200,kl_loss_27,2.6129090785980225
0,200,kl_loss_28,2.5421571731567383
0,200,kl_loss_29,2.850632667541504
0,200,kl_loss_30,2.745853900909424
0,200,kl_loss_31,2.457148790359497
0,300,kl_loss_0,3.1611762046813965
0,300,kl_loss_1,2.7238306999206543
0,300,kl_loss_2,2.79407000541687
0,300,kl_loss_3,2.35160493850708
0,300,kl_loss_4,2.5766513347625732
0,300,kl_loss_5,2.9168386459350586
0,300,kl_loss_6,2.8076558113098145
0,300,kl_loss_7,2.649576187133789
0,300,kl_loss_8,2.788680076599121
0,300,kl_loss_9,2.7740726470947266
0,300,kl_loss_10,3.09417462348938
0,300,kl_loss_11,2.7283687591552734
0,300,kl_loss_12,2.607583522796631
0,300,kl_loss_13,2.9766485691070557
0,300,kl_loss_14,2.5913054943084717
0,300,kl_loss_15,2.4170708656311035
0,300,kl_loss_16,2.543483257293701
0,300,kl_loss_17,2.8173961639404297
0,300,kl_loss_18,2.42038631439209
0,300,kl_loss_19,2.873100757598877
0,300,kl_loss_20,2.6899609565734863
0,300,kl_loss_21,2.967172145843506
0,300,kl_loss_22,2.556244373321533
0,300,kl_loss_23,2.747121810913086
0,300,kl_loss_24,2.5315704345703125
0,300,kl_loss_25,2.516733407974243
0,300,kl_loss_26,2.887394666671753
0,300,kl_loss_27,2.535447120666504
0,300,kl_loss_28,2.6041555404663086
0,300,kl_loss_29,2.9939839839935303
0,300,kl_loss_30,2.63026762008667
0,300,kl_loss_31,2.456083297729492
1,0,kl_loss_0,2.7661023139953613
1,0,kl_loss_1,2.60160756111145
1,0,kl_loss_2,2.559892177581787
1,0,kl_loss_3,2.706693649291992
1,0,kl_loss_4,2.5071775913238525
1,0,kl_loss_5,2.808786153793335
1,0,kl_loss_6,2.5245397090911865
1,0,kl_loss_7,2.684769868850708
1,0,kl_loss_8,2.9580981731414795
1,0,kl_loss_9,2.8720197677612305
1,0,kl_loss_10,2.6375837326049805
1,0,kl_loss_11,2.7813100814819336
1,0,kl_loss_12,2.6644506454467773
1,0,kl_loss_13,2.6479134559631348
1,0,kl_loss_14,2.7373194694519043
1,0,kl_loss_15,2.65394926071167
1,0,kl_loss_16,2.625326633453369
1,0,kl_loss_17,2.77793550491333
1,0,kl_loss_18,2.573847532272339
1,0,kl_loss_19,2.6778571605682373
1,0,kl_loss_20,2.740212917327881
1,0,kl_loss_21,2.777937412261963
1,0,kl_loss_22,2.8368172645568848
1,0,kl_loss_23,2.609347105026245
1,0,kl_loss_24,2.6556456089019775
1,0,kl_loss_25,2.457090139389038
1,0,kl_loss_26,2.574655532836914
1,0,kl_loss_27,2.6217432022094727
1,0,kl_loss_28,2.7522435188293457
1,0,kl_loss_29,2.804715156555176
1,0,kl_loss_30,2.9638209342956543
1,0,kl_loss_31,2.8158998489379883
1,100,kl_loss_0,2.5901236534118652
1,100,kl_loss_1,2.702322483062744
1,100,kl_loss_2,2.7048611640930176
1,100,kl_loss_3,2.6145944595336914
1,100,kl_loss_4,2.6011147499084473
1,100,kl_loss_5,2.809433937072754
1,100,kl_loss_6,2.7676334381103516
1,100,kl_loss_7,2.6153173446655273
1,100,kl_loss_8,3.2541399002075195
1,100,kl_loss_9,2.8266706466674805
1,100,kl_loss_10,2.7357001304626465
1,100,kl_loss_11,2.733980178833008
1,100,kl_loss_12,2.678079605102539
1,100,kl_loss_13,2.8339335918426514
1,100,kl_loss_14,2.864206075668335
1,100,kl_loss_15,2.478325843811035
1,100,kl_loss_16,2.941150188446045
1,100,kl_loss_17,2.941650867462158
1,100,kl_loss_18,2.792386293411255
1,100,kl_loss_19,2.856240749359131
1,100,kl_loss_20,2.5866498947143555
1,100,kl_loss_21,2.875901222229004
1,100,kl_loss_22,2.830369472503662
1,100,kl_loss_23,2.795464515686035
1,100,kl_loss_24,2.755923271179199
1,100,kl_loss_25,3.0515613555908203
1,100,kl_loss_26,2.494553565979004
1,100,kl_loss_27,2.847052574157715
1,100,kl_loss_28,2.676035165786743
1,100,kl_loss_29,2.7452163696289062
1,100,kl_loss_30,3.145890951156616
1,100,kl_loss_31,2.731687068939209
1,200,kl_loss_0,2.53878116607666
1,200,kl_loss_1,2.7976796627044678
1,200,kl_loss_2,3.2232625484466553
1,200,kl_loss_3,2.6064705848693848
1,200,kl_loss_4,2.9381585121154785
1,200,kl_loss_5,2.9589486122131348
1,200,kl_loss_6,3.1025428771972656
1,200,kl_loss_7,3.01944899559021
1,200,kl_loss_8,2.863863229751587
1,200,kl_loss_9,3.3645615577697754
1,200,kl_loss_10,2.867741823196411
1,200,kl_loss_11,2.6521449089050293
1,200,kl_loss_12,3.0038509368896484
1,200,kl_loss_13,2.7307467460632324
1,200,kl_loss_14,2.859084367752075
1,200,kl_loss_15,2.5516092777252197
1,200,kl_loss_16,3.2309694290161133
1,200,kl_loss_17,2.9847412109375
1,200,kl_loss_18,2.8081064224243164
1,200,kl_loss_19,2.9959182739257812
1,200,kl_loss_20,2.894148826599121
1,200,kl_loss_21,2.9605648517608643
1,200,kl_loss_22,3.1468658447265625
1,200,kl_loss_23,2.993595600128174
1,200,kl_loss_24,2.844451665878296
1,200,kl_loss_25,3.1679277420043945
1,200,kl_loss_26,2.9939775466918945
1,200,kl_loss_27,3.0108909606933594
1,200,kl_loss_28,3.307766914367676
1,200,kl_loss_29,2.617791175842285
1,200,kl_loss_30,2.836545705795288
1,200,kl_loss_31,2.646592617034912
1,300,kl_loss_0,3.080092668533325
1,300,kl_loss_1,3.1144633293151855
1,300,kl_loss_2,2.8036794662475586
1,300,kl_loss_3,3.183900833129883
1,300,kl_loss_4,2.927687883377075
1,300,kl_loss_5,2.9584569931030273
1,300,kl_loss_6,2.891040086746216
1,300,kl_loss_7,3.0882201194763184
1,300,kl_loss_8,3.163724899291992
1,300,kl_loss_9,2.7762866020202637
1,300,kl_loss_10,2.6678853034973145
1,300,kl_loss_11,2.7328572273254395
1,300,kl_loss_12,2.7507667541503906
1,300,kl_loss_13,2.768826484680176
1,300,kl_loss_14,3.0736756324768066
1,300,kl_loss_15,3.1853463649749756
1,300,kl_loss_16,2.7145814895629883
1,300,kl_loss_17,2.975674867630005
1,300,kl_loss_18,2.756335735321045
1,300,kl_loss_19,3.079991102218628
1,300,kl_loss_20,3.1010940074920654
1,300,kl_loss_21,2.9718000888824463
1,300,kl_loss_22,3.0310938358306885
1,300,kl_loss_23,2.916928291320801
1,300,kl_loss_24,2.953322649002075
1,300,kl_loss_25,2.8379759788513184
1,300,kl_loss_26,2.6413090229034424
1,300,kl_loss_27,2.836869716644287
1,300,kl_loss_28,3.1669836044311523
1,300,kl_loss_29,2.659595489501953
1,300,kl_loss_30,2.9494786262512207
1,300,kl_loss_31,2.9396438598632812
2,0,kl_loss_0,2.6395883560180664
2,0,kl_loss_1,3.076150894165039
2,0,kl_loss_2,2.6928908824920654
2,0,kl_loss_3,3.0422778129577637
2,0,kl_loss_4,3.529503107070923
2,0,kl_loss_5,2.8132171630859375
2,0,kl_loss_6,3.137270450592041
2,0,kl_loss_7,3.539329767227173
2,0,kl_loss_8,2.810166358947754
2,0,kl_loss_9,3.163763999938965
2,0,kl_loss_10,3.0208516120910645
2,0,kl_loss_11,2.7493369579315186
2,0,kl_loss_12,3.090209722518921
2,0,kl_loss_13,3.059069871902466
2,0,kl_loss_14,3.1739273071289062
2,0,kl_loss_15,3.1416258811950684
2,0,kl_loss_16,3.3579254150390625
2,0,kl_loss_17,2.8873414993286133
2,0,kl_loss_18,3.348017930984497
2,0,kl_loss_19,3.1043272018432617
2,0,kl_loss_20,2.9330742359161377
2,0,kl_loss_21,3.165580987930298
2,0,kl_loss_22,2.9613723754882812
2,0,kl_loss_23,2.7540950775146484
2,0,kl_loss_24,3.1929728984832764
2,0,kl_loss_25,3.074500560760498
2,0,kl_loss_26,2.886035919189453
2,0,kl_loss_27,3.254861354827881
2,0,kl_loss_28,2.918541193008423
2,0,kl_loss_29,3.141650676727295
2,0,kl_loss_30,2.8389577865600586
2,0,kl_loss_31,2.8644936084747314
2,100,kl_loss_0,2.847644567489624
2,100,kl_loss_1,3.426914691925049
2,100,kl_loss_2,3.006373405456543
2,100,kl_loss_3,2.980806350708008
2,100,kl_loss_4,2.9236361980438232
2,100,kl_loss_5,2.8549275398254395
2,100,kl_loss_6,3.279144048690796
2,100,kl_loss_7,2.911057949066162
2,100,kl_loss_8,3.3757028579711914
2,100,kl_loss_9,3.3247532844543457
2,100,kl_loss_10,2.7185869216918945
2,100,kl_loss_11,3.7629756927490234
2,100,kl_loss_12,2.9392683506011963
2,100,kl_loss_13,3.0405702590942383
2,100,kl_loss_14,3.2924184799194336
2,100,kl_loss_15,2.8866138458251953
2,100,kl_loss_16,3.0394177436828613
2,100,kl_loss_17,3.2138679027557373
2,100,kl_loss_18,2.9948348999023438
2,100,kl_loss_19,3.099724531173706
2,100,kl_loss_20,2.9343955516815186
2,100,kl_loss_21,3.3146791458129883
2,100,kl_loss_22,3.071290969848633
2,100,kl_loss_23,3.0988407135009766
2,100,kl_loss_24,3.158559560775757
2,100,kl_loss_25,2.7534985542297363
2,100,kl_loss_26,2.8230292797088623
2,100,kl_loss_27,2.8674445152282715
2,100,kl_loss_28,3.078751564025879
2,100,kl_loss_29,2.812300682067871
2,100,kl_loss_30,3.103480339050293
2,100,kl_loss_31,3.2548508644104004
2,200,kl_loss_0,2.947439193725586
2,200,kl_loss_1,2.739849090576172
2,200,kl_loss_2,2.9893672466278076
2,200,kl_loss_3,2.837639808654785
2,200,kl_loss_4,2.833972215652466
2,200,kl_loss_5,2.6631112098693848
2,200,kl_loss_6,2.963209629058838
2,200,kl_loss_7,3.2639434337615967
2,200,kl_loss_8,3.067072868347168
2,200,kl_loss_9,3.008098840713501
2,200,kl_loss_10,3.0076518058776855
2,200,kl_loss_11,2.9732415676116943
2,200,kl_loss_12,2.7203369140625
2,200,kl_loss_13,2.9300942420959473
2,200,kl_loss_14,3.088670015335083
2,200,kl_loss_15,2.9018821716308594
2,200,kl_loss_16,3.2372751235961914
2,200,kl_loss_17,2.879230260848999
2,200,kl_loss_18,2.817359447479248
2,200,kl_loss_19,2.8927078247070312
2,200,kl_loss_20,2.7822988033294678
2,200,kl_loss_21,2.8501853942871094
2,200,kl_loss_22,2.849106550216675
2,200,kl_loss_23,3.048003673553467
2,200,kl_loss_24,2.8068103790283203
2,200,kl_loss_25,2.8420891761779785
2,200,kl_loss_26,2.9304192066192627
2,200,kl_loss_27,2.8339180946350098
2,200,kl_loss_28,3.2736361026763916
2,200,kl_loss_29,2.8068079948425293
2,200,kl_loss_30,2.6994922161102295
2,200,kl_loss_31,2.869555711746216
2,300,kl_loss_0,3.0838820934295654
2,300,kl_loss_1,3.1195030212402344
2,300,kl_loss_2,3.0082859992980957
2,300,kl_loss_3,3.278731346130371
2,300,kl_loss_4,3.159600019454956
2,300,kl_loss_5,2.8513035774230957
2,300,kl_loss_6,3.1781558990478516
2,300,kl_loss_7,2.954968214035034
2,300,kl_loss_8,2.992910861968994
2,300,kl_loss_9,3.239910125732422
2,300,kl_loss_10,3.587453603744507
2,300,kl_loss_11,2.9885125160217285
2,300,kl_loss_12,3.34153413772583
2,300,kl_loss_13,3.3415350914001465
2,300,kl_loss_14,3.672471761703491
2,300,kl_loss_15,2.827779769897461
2,300,kl_loss_16,3.223443031311035
2,300,kl_loss_17,3.6058509349823
2,300,kl_loss_18,3.0428051948547363
2,300,kl_loss_19,3.0111258029937744
2,300,kl_loss_20,3.3427574634552
2,300,kl_loss_21,3.322561025619507
2,300,kl_loss_22,3.0584678649902344
2,300,kl_loss_23,3.204970359802246
2,300,kl_loss_24,3.2848830223083496
2,300,kl_loss_25,3.207932949066162
2,300,kl_loss_26,3.182610034942627
2,300,kl_loss_27,3.0472445487976074
2,300,kl_loss_28,3.0432467460632324
2,300,kl_loss_29,3.2286758422851562
2,300,kl_loss_30,3.070812225341797
2,300,kl_loss_31,2.9934260845184326
3,0,kl_loss_0,2.7957637310028076
3,0,kl_loss_1,2.8135156631469727
3,0,kl_loss_2,2.9427032470703125
3,0,kl_loss_3,3.152099609375
3,0,kl_loss_4,2.9469125270843506
3,0,kl_loss_5,2.8832695484161377
3,0,kl_loss_6,2.859518051147461
3,0,kl_loss_7,2.8660521507263184
3,0,kl_loss_8,3.0717580318450928
3,0,kl_loss_9,2.8507497310638428
3,0,kl_loss_10,2.8145751953125
3,0,kl_loss_11,3.168689727783203
3,0,kl_loss_12,2.91451358795166
3,0,kl_loss_13,3.027785301208496
3,0,kl_loss_14,3.02978515625
3,0,kl_loss_15,2.7861216068267822
3,0,kl_loss_16,2.9323248863220215
3,0,kl_loss_17,3.0031609535217285
3,0,kl_loss_18,3.1381359100341797
3,0,kl_loss_19,2.9688217639923096
3,0,kl_loss_20,2.883525848388672
3,0,kl_loss_21,3.0715270042419434
3,0,kl_loss_22,2.8268070220947266
3,0,kl_loss_23,2.785562753677368
3,0,kl_loss_24,2.9852638244628906
3,0,kl_loss_25,2.7077817916870117
3,0,kl_loss_26,2.930427074432373
3,0,kl_loss_27,3.054626703262329
3,0,kl_loss_28,3.30519437789917
3,0,kl_loss_29,2.820143461227417
3,0,kl_loss_30,3.102433204650879
3,0,kl_loss_31,3.083794116973877
3,100,kl_loss_0,2.6900815963745117
3,100,kl_loss_1,2.8668394088745117
3,100,kl_loss_2,3.0543153285980225
3,100,kl_loss_3,2.8700509071350098
3,100,kl_loss_4,2.785182476043701
3,100,kl_loss_5,2.598609447479248
3,100,kl_loss_6,3.0497336387634277
3,100,kl_loss_7,2.580571174621582
3,100,kl_loss_8,2.9963653087615967
3,100,kl_loss_9,3.113520622253418
3,100,kl_loss_10,3.3127517700195312
3,100,kl_loss_11,2.6240110397338867
3,100,kl_loss_12,2.6603496074676514
3,100,kl_loss_13,2.8307509422302246
3,100,kl_loss_14,2.7743210792541504
3,100,kl_loss_15,2.6149535179138184
3,100,kl_loss_16,2.7284278869628906
3,100,kl_loss_17,2.7148094177246094
3,100,kl_loss_18,2.6129679679870605
3,100,kl_loss_19,2.5769572257995605
3,100,kl_loss_20,2.844295024871826
3,100,kl_loss_21,2.888254404067993
3,100,kl_loss_22,2.690305471420288
3,100,kl_loss_23,2.514078378677368
3,100,kl_loss_24,2.627741575241089
3,100,kl_loss_25,2.74076509475708
3,100,kl_loss_26,2.802659034729004
3,100,kl_loss_27,3.136460781097412
3,100,kl_loss_28,2.5542380809783936
3,100,kl_loss_29,2.974266767501831
3,100,kl_loss_30,2.7455685138702393
3,100,kl_loss_31,3.1543655395507812
3,200,kl_loss_0,2.796402931213379
3,200,kl_loss_1,3.1608147621154785
3,200,kl_loss_2,2.8550195693969727
3,200,kl_loss_3,2.8218650817871094
3,200,kl_loss_4,2.706909656524658
3,200,kl_loss_5,2.80938982963562
3,200,kl_loss_6,2.924220323562622
3,200,kl_loss_7,3.145820140838623
3,200,kl_loss_8,2.9650673866271973
3,200,kl_loss_9,3.014601230621338
3,200,kl_loss_10,2.9036409854888916
3,200,kl_loss_11,3.0195813179016113
3,200,kl_loss_12,2.8288989067077637
3,200,kl_loss_13,2.674996852874756
3,200,kl_loss_14,2.8858482837677
3,200,kl_loss_15,2.8742198944091797
3,200,kl_loss_16,2.9227983951568604
3,200,kl_loss_17,2.836333990097046
3,200,kl_loss_18,2.941527843475342
3,200,kl_loss_19,2.7888383865356445
3,200,kl_loss_20,3.20666766166687
3,200,kl_loss_21,2.5972323417663574
3,200,kl_loss_22,2.8836193084716797
3,200,kl_loss_23,3.0055651664733887
3,200,kl_loss_24,2.9825832843780518
3,200,kl_loss_25,3.0038809776306152
3,200,kl_loss_26,2.8608438968658447
3,200,kl_loss_27,3.3713817596435547
3,200,kl_loss_28,2.693269968032837
3,200,kl_loss_29,2.67878794670105
3,200,kl_loss_30,2.8828015327453613
3,200,kl_loss_31,3.066875457763672
3,300,kl_loss_0,2.8236913681030273
3,300,kl_loss_1,2.9539151191711426
3,300,kl_loss_2,2.88649320602417
3,300,kl_loss_3,3.2529687881469727
3,300,kl_loss_4,2.864654064178467
3,300,kl_loss_5,2.962008476257324
3,300,kl_loss_6,2.950775623321533
3,300,kl_loss_7,2.8523449897766113
3,300,kl_loss_8,2.766841411590576
3,300,kl_loss_9,2.72768497467041
3,300,kl_loss_10,2.789181709289551
3,300,kl_loss_11,2.9398767948150635
3,300,kl_loss_12,2.678072214126587
3,300,kl_loss_13,3.3142518997192383
3,300,kl_loss_14,2.6784987449645996
3,300,kl_loss_15,2.755652904510498
3,300,kl_loss_16,2.7887916564941406
3,300,kl_loss_17,2.92177152633667
3,300,kl_loss_18,2.7812917232513428
3,300,kl_loss_19,3.0263397693634033
3,300,kl_loss_20,2.773927688598633
3,300,kl_loss_21,3.1188442707061768
3,300,kl_loss_22,2.8797574043273926
3,300,kl_loss_23,3.1105570793151855
3,300,kl_loss_24,2.798429489135742
3,300,kl_loss_25,2.819810390472412
3,300,kl_loss_26,2.78969407081604
3,300,kl_loss_27,2.8220722675323486
3,300,kl_loss_28,2.885538101196289
3,300,kl_loss_29,2.8422577381134033
3,300,kl_loss_30,3.157196044921875
3,300,kl_loss_31,2.9782392978668213
4,0,kl_loss_0,2.6167259216308594
4,0,kl_loss_1,2.838381290435791
4,0,kl_loss_2,2.8387508392333984
4,0,kl_loss_3,2.721719741821289
4,0,kl_loss_4,2.9301705360412598
4,0,kl_loss_5,3.128014326095581
4,0,kl_loss_6,2.873446464538574
4,0,kl_loss_7,3.187279462814331
4,0,kl_loss_8,2.8558249473571777
4,0,kl_loss_9,2.8124332427978516
4,0,kl_loss_10,2.6916847229003906
4,0,kl_loss_11,3.0809202194213867
4,0,kl_loss_12,3.1301183700561523
4,0,kl_loss_13,2.990938186645508
4,0,kl_loss_14,2.860107421875
4,0,kl_loss_15,2.699211835861206
4,0,kl_loss_16,3.0540595054626465
4,0,kl_loss_17,2.8625731468200684
4,0,kl_loss_18,3.168105125427246
4,0,kl_loss_19,2.72790265083313
4,0,kl_loss_20,2.8717117309570312
4,0,kl_loss_21,3.432565689086914
4,0,kl_loss_22,2.9174299240112305
4,0,kl_loss_23,3.1772100925445557
4,0,kl_loss_24,3.096281051635742
4,0,kl_loss_25,2.784972667694092
4,0,kl_loss_26,3.0737831592559814
4,0,kl_loss_27,2.884854316711426
4,0,kl_loss_28,3.0780069828033447
4,0,kl_loss_29,3.093596935272217
4,0,kl_loss_30,3.1794209480285645
4,0,kl_loss_31,2.973269462585449
4,100,kl_loss_0,2.513521671295166
4,100,kl_loss_1,2.7514395713806152
4,100,kl_loss_2,2.494502067565918
4,100,kl_loss_3,2.6132776737213135
4,100,kl_loss_4,2.61305570602417
4,100,kl_loss_5,2.7691307067871094
4,100,kl_loss_6,2.5878334045410156
4,100,kl_loss_7,2.6721746921539307
4,100,kl_loss_8,2.712888717651367
4,100,kl_loss_9,3.173030138015747
4,100,kl_loss_10,3.1054329872131348
4,100,kl_loss_11,2.8878917694091797
4,100,kl_loss_12,2.575723648071289
4,100,kl_loss_13,2.8772192001342773
4,100,kl_loss_14,2.640443801879883
4,100,kl_loss_15,2.5017635822296143
4,100,kl_loss_16,2.6857047080993652
4,100,kl_loss_17,2.7641186714172363
4,100,kl_loss_18,2.806128978729248
4,100,kl_loss_19,2.6253042221069336
4,100,kl_loss_20,2.6223535537719727
4,100,kl_loss_21,2.736342430114746
4,100,kl_loss_22,2.6236071586608887
4,100,kl_loss_23,2.835268497467041
4,100,kl_loss_24,2.5673274993896484
4,100,kl_loss_25,2.862527370452881
4,100,kl_loss_26,2.9774723052978516
4,100,kl_loss_27,2.8147287368774414
4,100,kl_loss_28,2.593386173248291
4,100,kl_loss_29,2.8387832641601562
4,100,kl_loss_30,2.738231658935547
4,100,kl_loss_31,2.6185128688812256
4,200,kl_loss_0,2.792332649230957
4,200,kl_loss_1,2.785458564758301
4,200,kl_loss_2,3.0866098403930664
4,200,kl_loss_3,2.9547080993652344
4,200,kl_loss_4,2.7978410720825195
4,200,kl_loss_5,2.717135429382324
4,200,kl_loss_6,2.7723517417907715
4,200,kl_loss_7,2.7275431156158447
4,200,kl_loss_8,2.7433388233184814
4,200,kl_loss_9,2.9122538566589355
4,200,kl_loss_10,3.070436477661133
4,200,kl_loss_11,2.694647789001465
4,200,kl_loss_12,2.904285192489624
4,200,kl_loss_13,2.9666152000427246
4,200,kl_loss_14,2.8743555545806885
4,200,kl_loss_15,2.752009391784668
4,200,kl_loss_16,2.8858649730682373
4,200,kl_loss_17,3.170413017272949
4,200,kl_loss_18,2.970763683319092
4,200,kl_loss_19,2.859839677810669
4,200,kl_loss_20,2.8947885036468506
4,200,kl_loss_21,2.7913880348205566
4,200,kl_loss_22,2.898582696914673
4,200,kl_loss_23,2.854848861694336
4,200,kl_loss_24,2.5745949745178223
4,200,kl_loss_25,2.6524856090545654
4,200,kl_loss_26,2.8901467323303223
4,200,kl_loss_27,2.7865257263183594
4,200,kl_loss_28,2.7865185737609863
4,200,kl_loss_29,2.995269775390625
4,200,kl_loss_30,2.771517276763916
4,200,kl_loss_31,2.9237172603607178
4,300,kl_loss_0,2.537158966064453
4,300,kl_loss_1,2.9473819732666016
4,300,kl_loss_2,2.551661968231201
4,300,kl_loss_3,2.892831802368164
4,300,kl_loss_4,3.045383930206299
4,300,kl_loss_5,2.878669023513794
4,300,kl_loss_6,2.9386653900146484
4,300,kl_loss_7,2.949892997741699
4,300,kl_loss_8,2.893381357192993
4,300,kl_loss_9,2.7059326171875
4,300,kl_loss_10,2.8647072315216064
4,300,kl_loss_11,3.1341028213500977
4,300,kl_loss_12,2.7082815170288086
4,300,kl_loss_13,2.8681728839874268
4,300,kl_loss_14,2.6878206729888916
4,300,kl_loss_15,2.693873405456543
4,300,kl_loss_16,2.90629243850708
4,300,kl_loss_17,2.776129961013794
4,300,kl_loss_18,3.001526117324829
4,300,kl_loss_19,2.891056776046753
4,300,kl_loss_20,2.8528871536254883
4,300,kl_loss_21,2.9909563064575195
4,300,kl_loss_22,2.7138421535491943
4,300,kl_loss_23,3.116041660308838
4,300,kl_loss_24,2.8935060501098633
4,300,kl_loss_25,2.7601981163024902
4,300,kl_loss_26,2.652067184448242
4,300,kl_loss_27,2.8538546562194824
4,300,kl_loss_28,2.637007236480713
4,300,kl_loss_29,2.7379186153411865
4,300,kl_loss_30,2.983529567718506
4,300,kl_loss_31,2.8155460357666016
5,0,kl_loss_0,2.702690601348877
5,0,kl_loss_1,2.840615749359131
5,0,kl_loss_2,2.788938045501709
5,0,kl_loss_3,2.949491500854492
5,0,kl_loss_4,2.914809465408325
5,0,kl_loss_5,2.743471384048462
5,0,kl_loss_6,2.715567111968994
5,0,kl_loss_7,2.780484199523926
5,0,kl_loss_8,2.76469349861145
5,0,kl_loss_9,2.7402327060699463
5,0,kl_loss_10,2.9302315711975098
5,0,kl_loss_11,3.0131912231445312
5,0,kl_loss_12,2.911764621734619
5,0,kl_loss_13,2.8949742317199707
5,0,kl_loss_14,2.802807331085205
5,0,kl_loss_15,2.69456148147583
5,0,kl_loss_16,2.821794033050537
5,0,kl_loss_17,2.6851468086242676
5,0,kl_loss_18,3.3423662185668945
5,0,kl_loss_19,3.090744972229004
5,0,kl_loss_20,2.6081490516662598
5,0,kl_loss_21,2.7811126708984375
5,0,kl_loss_22,2.807957649230957
5,0,kl_loss_23,2.8606317043304443
5,0,kl_loss_24,2.8852438926696777
5,0,kl_loss_25,2.6361300945281982
5,0,kl_loss_26,2.6673951148986816
5,0,kl_loss_27,2.799785852432251
5,0,kl_loss_28,2.576840877532959
5,0,kl_loss_29,2.89286470413208
5,0,kl_loss_30,3.0892105102539062
5,0,kl_loss_31,2.9013876914978027
5,100,kl_loss_0,2.9710536003112793
5,100,kl_loss_1,2.714081048965454
5,100,kl_loss_2,3.0625879764556885
5,100,kl_loss_3,2.735140562057495
5,100,kl_loss_4,3.0269417762756348
5,100,kl_loss_5,2.6240663528442383
5,100,kl_loss_6,2.7882823944091797
5,100,kl_loss_7,2.6742639541625977
5,100,kl_loss_8,2.730811834335327
5,100,kl_loss_9,2.89263653755188
5,100,kl_loss_10,2.982496738433838
5,100,kl_loss_11,2.758713483810425
5,100,kl_loss_12,2.838649272918701
5,100,kl_loss_13,2.8795948028564453
5,100,kl_loss_14,3.0377540588378906
5,100,kl_loss_15,2.6729865074157715
5,100,kl_loss_16,2.806513786315918
5,100,kl_loss_17,2.7695200443267822
5,100,kl_loss_18,3.2124195098876953
5,100,kl_loss_19,3.0091538429260254
5,100,kl_loss_20,2.7218270301818848
5,100,kl_loss_21,2.9771645069122314
5,100,kl_loss_22,2.7228102684020996
5,100,kl_loss_23,3.005825996398926
5,100,kl_loss_24,2.7272167205810547
5,100,kl_loss_25,2.8594183921813965
5,100,kl_loss_26,2.6067774295806885
5,100,kl_loss_27,2.890338897705078
5,100,kl_loss_28,2.947038412094116
5,100,kl_loss_29,3.022757053375244
5,100,kl_loss_30,2.964815616607666
5,100,kl_loss_31,2.7047371864318848
5,200,kl_loss_0,2.905999183654785
5,200,kl_loss_1,2.725121021270752
5,200,kl_loss_2,2.5893595218658447
5,200,kl_loss_3,3.0825469493865967
5,200,kl_loss_4,2.7118067741394043
5,200,kl_loss_5,2.7008161544799805
5,200,kl_loss_6,2.7874832153320312
5,200,kl_loss_7,2.774223804473877
5,200,kl_loss_8,2.5683329105377197
5,200,kl_loss_9,2.8746509552001953
5,200,kl_loss_10,2.707953691482544
5,200,kl_loss_11,2.7863528728485107
5,200,kl_loss_12,2.825167179107666
5,200,kl_loss_13,2.8858184814453125
5,200,kl_loss_14,2.8679513931274414
5,200,kl_loss_15,2.7894375324249268
5,200,kl_loss_16,2.7489821910858154
5,200,kl_loss_17,2.7889575958251953
5,200,kl_loss_18,2.936114549636841
5,200,kl_loss_19,2.7581751346588135
5,200,kl_loss_20,2.5558414459228516
5,200,kl_loss_21,3.15221905708313
5,200,kl_loss_22,2.693020820617676
5,200,kl_loss_23,3.074831485748291
5,200,kl_loss_24,2.609792709350586
5,200,kl_loss_25,2.609119415283203
5,200,kl_loss_26,2.7273075580596924
5,200,kl_loss_27,2.8623061180114746
5,200,kl_loss_28,3.0972800254821777
5,200,kl_loss_29,2.749398946762085
5,200,kl_loss_30,3.0738329887390137
5,200,kl_loss_31,2.4458703994750977
5,300,kl_loss_0,3.20112681388855
5,300,kl_loss_1,2.9905295372009277
5,300,kl_loss_2,3.0405654907226562
5,300,kl_loss_3,2.9480557441711426
5,300,kl_loss_4,3.2441442012786865
5,300,kl_loss_5,2.8911237716674805
5,300,kl_loss_6,2.902510166168213
5,300,kl_loss_7,2.9749436378479004
5,300,kl_loss_8,2.8895180225372314
5,300,kl_loss_9,3.0109009742736816
5,300,kl_loss_10,3.1143903732299805
5,300,kl_loss_11,2.696916103363037
5,300,kl_loss_12,3.008425235748291
5,300,kl_loss_13,2.993940830230713
5,300,kl_loss_14,3.0933239459991455
5,300,kl_loss_15,2.700293779373169
5,300,kl_loss_16,2.780580759048462
5,300,kl_loss_17,3.0964672565460205
5,300,kl_loss_18,2.9881818294525146
5,300,kl_loss_19,2.7370922565460205
5,300,kl_loss_20,2.870786666870117
5,300,kl_loss_21,3.1117870807647705
5,300,kl_loss_22,2.819432258605957
5,300,kl_loss_23,2.929375171661377
5,300,kl_loss_24,3.037655830383301
5,300,kl_loss_25,2.9398722648620605
5,300,kl_loss_26,2.797257900238037
5,300,kl_loss_27,3.368635654449463
5,300,kl_loss_28,3.047368049621582
5,300,kl_loss_29,2.9426770210266113
5,300,kl_loss_30,3.04141902923584
5,300,kl_loss_31,2.890328884124756
6,0,kl_loss_0,2.9460089206695557
6,0,kl_loss_1,3.0611610412597656
6,0,kl_loss_2,2.7742958068847656
6,0,kl_loss_3,3.13395357131958
6,0,kl_loss_4,2.855160713195801
6,0,kl_loss_5,3.028439998626709
6,0,kl_loss_6,3.0567853450775146
6,0,kl_loss_7,3.0348689556121826
6,0,kl_loss_8,2.857926845550537
6,0,kl_loss_9,3.084054946899414
6,0,kl_loss_10,2.8738861083984375
6,0,kl_loss_11,3.1427783966064453
6,0,kl_loss_12,2.9787654876708984
6,0,kl_loss_13,3.3414196968078613
6,0,kl_loss_14,3.2917308807373047
6,0,kl_loss_15,2.914963483810425
6,0,kl_loss_16,2.9092302322387695
6,0,kl_loss_17,2.9721131324768066
6,0,kl_loss_18,2.773729085922241
6,0,kl_loss_19,3.0860393047332764
6,0,kl_loss_20,3.026911973953247
6,0,kl_loss_21,3.0420968532562256
6,0,kl_loss_22,2.9821085929870605
6,0,kl_loss_23,3.471308708190918
6,0,kl_loss_24,3.045192241668701
6,0,kl_loss_25,2.9300053119659424
6,0,kl_loss_26,2.7929189205169678
6,0,kl_loss_27,2.782498359680176
6,0,kl_loss_28,2.9448137283325195
6,0,kl_loss_29,3.1242897510528564
6,0,kl_loss_30,3.2189040184020996
6,0,kl_loss_31,2.9948863983154297
6,100,kl_loss_0,3.177304983139038
6,100,kl_loss_1,2.655844211578369
6,100,kl_loss_2,2.752183437347412
6,100,kl_loss_3,3.585421085357666
6,100,kl_loss_4,2.8332743644714355
6,100,kl_loss_5,2.6023664474487305
6,100,kl_loss_6,2.8417627811431885
6,100,kl_loss_7,3.015397310256958
6,100,kl_loss_8,2.9332516193389893
6,100,kl_loss_9,2.767416000366211
6,100,kl_loss_10,3.1780829429626465
6,100,kl_loss_11,2.5927987098693848
6,100,kl_loss_12,2.6168932914733887
6,100,kl_loss_13,3.0345311164855957
6,100,kl_loss_14,2.7463231086730957
6,100,kl_loss_15,2.643413543701172
6,100,kl_loss_16,3.1096816062927246
6,100,kl_loss_17,2.6561670303344727
6,100,kl_loss_18,2.8056883811950684
6,100,kl_loss_19,2.680947780609131
6,100,kl_loss_20,2.979311943054199
6,100,kl_loss_21,2.967524528503418
6,100,kl_loss_22,2.447453022003174
6,100,kl_loss_23,2.616579055786133
6,100,kl_loss_24,2.7971439361572266
6,100,kl_loss_25,2.8039755821228027
6,100,kl_loss_26,2.636899948120117
6,100,kl_loss_27,2.8083691596984863
6,100,kl_loss_28,2.934846878051758
6,100,kl_loss_29,2.7978739738464355
6,100,kl_loss_30,2.9459292888641357
6,100,kl_loss_31,2.603908061981201
6,200,kl_loss_0,2.7268288135528564
6,200,kl_loss_1,3.0642917156219482
6,200,kl_loss_2,2.8351564407348633
6,200,kl_loss_3,2.815603017807007
6,200,kl_loss_4,2.8922653198242188
6,200,kl_loss_5,2.998079538345337
6,200,kl_loss_6,2.7375450134277344
6,200,kl_loss_7,3.6421189308166504
6,200,kl_loss_8,3.083608388900757
6,200,kl_loss_9,2.865006685256958
6,200,kl_loss_10,3.132277250289917
6,200,kl_loss_11,2.911431074142456
6,200,kl_loss_12,2.9307451248168945
6,200,kl_loss_13,2.8576407432556152
6,200,kl_loss_14,3.2016336917877197
6,200,kl_loss_15,2.8919870853424072
6,200,kl_loss_16,2.952483654022217
6,200,kl_loss_17,3.1435492038726807
6,200,kl_loss_18,3.1499886512756348
6,200,kl_loss_19,2.882157325744629
6,200,kl_loss_20,2.884979486465454
6,200,kl_loss_21,2.763068199157715
6,200,kl_loss_22,2.7179079055786133
6,200,kl_loss_23,2.6650147438049316
6,200,kl_loss_24,2.812278985977173
6,200,kl_loss_25,2.816155433654785
6,200,kl_loss_26,2.9102210998535156
6,200,kl_loss_27,2.785400390625
6,200,kl_loss_28,2.751160144805908
6,200,kl_loss_29,2.7553870677948
6,200,kl_loss_30,2.792781352996826
6,200,kl_loss_31,2.8520684242248535
6,300,kl_loss_0,2.8538596630096436
6,300,kl_loss_1,2.888533592224121
6,300,kl_loss_2,2.997292995452881
6,300,kl_loss_3,2.8148610591888428
6,300,kl_loss_4,3.071545362472534
6,300,kl_loss_5,2.735285758972168
6,300,kl_loss_6,2.881091356277466
6,300,kl_loss_7,2.8918566703796387
6,300,kl_loss_8,2.890934944152832
6,300,kl_loss_9,2.943901538848877
6,300,kl_loss_10,2.9293739795684814
6,300,kl_loss_11,2.9569973945617676
6,300,kl_loss_12,2.651327610015869
6,300,kl_loss_13,3.267453193664551
6,300,kl_loss_14,2.9968600273132324
6,300,kl_loss_15,2.7276968955993652
6,300,kl_loss_16,2.8771955966949463
6,300,kl_loss_17,2.8820481300354004
6,300,kl_loss_18,2.7914538383483887
6,300,kl_loss_19,2.6976473331451416
6,300,kl_loss_20,2.9422731399536133
6,300,kl_loss_21,2.9137258529663086
6,300,kl_loss_22,2.5421977043151855
6,300,kl_loss_23,2.8839035034179688
6,300,kl_loss_24,2.801640510559082
6,300,kl_loss_25,3.0080173015594482
6,300,kl_loss_26,2.774258613586426
6,300,kl_loss_27,3.160895347595215
6,300,kl_loss_28,3.1272025108337402
6,300,kl_loss_29,3.1024982929229736
6,300,kl_loss_30,2.698052406311035
6,300,kl_loss_31,2.9427943229675293
7,0,kl_loss_0,2.7028703689575195
7,0,kl_loss_1,3.041828155517578
7,0,kl_loss_2,3.0686075687408447
7,0,kl_loss_3,2.559866428375244
7,0,kl_loss_4,2.7397587299346924
7,0,kl_loss_5,3.072723150253296
7,0,kl_loss_6,2.5718185901641846
7,0,kl_loss_7,2.7510035037994385
7,0,kl_loss_8,3.1020679473876953
7,0,kl_loss_9,2.7794265747070312
7,0,kl_loss_10,3.130404472351074
7,0,kl_loss_11,2.9353742599487305
7,0,kl_loss_12,2.846519947052002
7,0,kl_loss_13,3.075012683868408
7,0,kl_loss_14,2.676363945007324
7,0,kl_loss_15,2.7378034591674805
7,0,kl_loss_16,2.6568713188171387
7,0,kl_loss_17,2.8587822914123535
7,0,kl_loss_18,2.7345285415649414
7,0,kl_loss_19,2.848217487335205
7,0,kl_loss_20,2.836118698120117
7,0,kl_loss_21,2.815255641937256
7,0,kl_loss_22,2.7010984420776367
7,0,kl_loss_23,2.8971409797668457
7,0,kl_loss_24,3.2363100051879883
7,0,kl_loss_25,2.7290537357330322
7,0,kl_loss_26,2.5798163414001465
7,0,kl_loss_27,2.870603561401367
7,0,kl_loss_28,3.28273344039917
7,0,kl_loss_29,3.024932384490967
7,0,kl_loss_30,3.2098803520202637
7,0,kl_loss_31,2.777164936065674
7,100,kl_loss_0,3.599433183670044
7,100,kl_loss_1,3.3268771171569824
7,100,kl_loss_2,3.0497937202453613
7,100,kl_loss_3,3.219191789627075
7,100,kl_loss_4,3.2552623748779297
7,100,kl_loss_5,3.2334377765655518
7,100,kl_loss_6,3.334181785583496
7,100,kl_loss_7,3.3586783409118652
7,100,kl_loss_8,3.3728084564208984
7,100,kl_loss_9,3.227149248123169
7,100,kl_loss_10,3.6026082038879395
7,100,kl_loss_11,3.2822370529174805
7,100,kl_loss_12,3.2747488021850586
7,100,kl_loss_13,3.49350905418396
7,100,kl_loss_14,3.291790723800659
7,100,kl_loss_15,3.2790489196777344
7,100,kl_loss_16,3.3247101306915283
7,100,kl_loss_17,3.289267063140869
7,100,kl_loss_18,3.4132080078125
7,100,kl_loss_19,3.2222962379455566
7,100,kl_loss_20,3.0597736835479736
7,100,kl_loss_21,3.367194890975952
7,100,kl_loss_22,3.241065502166748
7,100,kl_loss_23,3.407588481903076
7,100,kl_loss_24,3.3898801803588867
7,100,kl_loss_25,3.3342742919921875
7,100,kl_loss_26,3.1485214233398438
7,100,kl_loss_27,3.2622992992401123
7,100,kl_loss_28,3.3910751342773438
7,100,kl_loss_29,3.522204875946045
7,100,kl_loss_30,3.082625389099121
7,100,kl_loss_31,3.0774855613708496
7,200,kl_loss_0,3.1267404556274414
7,200,kl_loss_1,2.9882779121398926
7,200,kl_loss_2,3.238558530807495
7,200,kl_loss_3,2.938042163848877
7,200,kl_loss_4,3.005466938018799
7,200,kl_loss_5,3.1059176921844482
7,200,kl_loss_6,3.3114516735076904
7,200,kl_loss_7,2.8403501510620117
7,200,kl_loss_8,3.2663657665252686
7,200,kl_loss_9,2.7736659049987793
7,200,kl_loss_10,2.875354290008545
7,200,kl_loss_11,2.9706497192382812
7,200,kl_loss_12,3.0616745948791504
7,200,kl_loss_13,3.1924471855163574
7,200,kl_loss_14,2.7548789978027344
7,200,kl_loss_15,3.099130153656006
7,200,kl_loss_16,2.8564839363098145
7,200,kl_loss_17,2.682035446166992
7,200,kl_loss_18,2.9920763969421387
7,200,kl_loss_19,3.10733699798584
7,200,kl_loss_20,2.8849260807037354
7,200,kl_loss_21,2.9585492610931396
7,200,kl_loss_22,3.064554214477539
7,200,kl_loss_23,3.076540470123291
7,200,kl_loss_24,2.9562630653381348
7,200,kl_loss_25,3.0385584831237793
7,200,kl_loss_26,2.8339762687683105
7,200,kl_loss_27,3.323533535003662
7,200,kl_loss_28,2.9460229873657227
7,200,kl_loss_29,3.017111301422119
7,200,kl_loss_30,2.7725577354431152
7,200,kl_loss_31,3.0030672550201416
7,300,kl_loss_0,2.8462586402893066
7,300,kl_loss_1,2.818268060684204
7,300,kl_loss_2,2.6918225288391113
7,300,kl_loss_3,2.6895651817321777
7,300,kl_loss_4,2.715566873550415
7,300,kl_loss_5,3.119462728500366
7,300,kl_loss_6,2.5952699184417725
7,300,kl_loss_7,3.0182394981384277
7,300,kl_loss_8,2.5755491256713867
7,300,kl_loss_9,2.8245136737823486
7,300,kl_loss_10,2.8827996253967285
7,300,kl_loss_11,2.7463083267211914
7,300,kl_loss_12,3.0895955562591553
7,300,kl_loss_13,2.6369552612304688
7,300,kl_loss_14,2.802394151687622
7,300,kl_loss_15,2.952427387237549
7,300,kl_loss_16,2.701718330383301
7,300,kl_loss_17,2.697568416595459
7,300,kl_loss_18,2.7076940536499023
7,300,kl_loss_19,2.8512778282165527
7,300,kl_loss_20,2.7289092540740967
7,300,kl_loss_21,2.688845157623291
7,300,kl_loss_22,2.8122498989105225
7,300,kl_loss_23,2.969332695007324
7,300,kl_loss_24,2.673992872238159
7,300,kl_loss_25,2.621419668197632
7,300,kl_loss_26,2.655723810195923
7,300,kl_loss_27,2.5661354064941406
7,300,kl_loss_28,3.0348410606384277
7,300,kl_loss_29,2.7313995361328125
7,300,kl_loss_30,2.613830804824829
7,300,kl_loss_31,2.874013662338257
8,0,kl_loss_0,2.8477673530578613
8,0,kl_loss_1,2.784778594970703
8,0,kl_loss_2,2.58740234375
8,0,kl_loss_3,2.766925096511841
8,0,kl_loss_4,2.6454296112060547
8,0,kl_loss_5,2.652853488922119
8,0,kl_loss_6,2.7597737312316895
8,0,kl_loss_7,2.641223907470703
8,0,kl_loss_8,2.854217767715454
8,0,kl_loss_9,2.7564079761505127
8,0,kl_loss_10,2.724857807159424
8,0,kl_loss_11,2.5025975704193115
8,0,kl_loss_12,2.7795073986053467
8,0,kl_loss_13,2.5950839519500732
8,0,kl_loss_14,2.6762967109680176
8,0,kl_loss_15,2.8487319946289062
8,0,kl_loss_16,2.8190789222717285
8,0,kl_loss_17,2.8566298484802246
8,0,kl_loss_18,2.789311170578003
8,0,kl_loss_19,2.8173844814300537
8,0,kl_loss_20,2.536952257156372
8,0,kl_loss_21,2.642810344696045
8,0,kl_loss_22,2.9939606189727783
8,0,kl_loss_23,2.6886067390441895
8,0,kl_loss_24,2.4829823970794678
8,0,kl_loss_25,2.7052841186523438
8,0,kl_loss_26,2.798952579498291
8,0,kl_loss_27,3.0585708618164062
8,0,kl_loss_28,2.763277292251587
8,0,kl_loss_29,2.832872152328491
8,0,kl_loss_30,2.792459011077881
8,0,kl_loss_31,2.6170029640197754
8,100,kl_loss_0,2.8288416862487793
8,100,kl_loss_1,2.718015432357788
8,100,kl_loss_2,2.864901065826416
8,100,kl_loss_3,3.0163002014160156
8,100,kl_loss_4,2.6314077377319336
8,100,kl_loss_5,2.729250431060791
8,100,kl_loss_6,2.8776967525482178
8,100,kl_loss_7,2.6110033988952637
8,100,kl_loss_8,2.8613717555999756
8,100,kl_loss_9,2.9883906841278076
8,100,kl_loss_10,2.7429964542388916
8,100,kl_loss_11,2.799206256866455
8,100,kl_loss_12,2.5969009399414062
8,100,kl_loss_13,2.6857452392578125
8,100,kl_loss_14,2.955493450164795
8,100,kl_loss_15,3.27595853805542
8,100,kl_loss_16,2.9763987064361572
8,100,kl_loss_17,2.625340461730957
8,100,kl_loss_18,2.797499656677246
8,100,kl_loss_19,2.824601173400879
8,100,kl_loss_20,2.8790764808654785
8,100,kl_loss_21,2.8177101612091064
8,100,kl_loss_22,2.953251361846924
8,100,kl_loss_23,3.1140799522399902
8,100,kl_loss_24,2.906536340713501
8,100,kl_loss_25,2.9195117950439453
8,100,kl_loss_26,2.5225343704223633
8,100,kl_loss_27,2.708529472351074
8,100,kl_loss_28,2.6053919792175293
8,100,kl_loss_29,2.873469829559326
8,100,kl_loss_30,2.7585740089416504
8,100,kl_loss_31,2.8348441123962402
8,200,kl_loss_0,3.403153896331787
8,200,kl_loss_1,3.0626027584075928
8,200,kl_loss_2,2.799661159515381
8,200,kl_loss_3,2.8202333450317383
8,200,kl_loss_4,2.955692768096924
8,200,kl_loss_5,2.9678428173065186
8,200,kl_loss_6,2.900108814239502
8,200,kl_loss_7,2.9317526817321777
8,200,kl_loss_8,3.091109275817871
8,200,kl_loss_9,2.873166799545288
8,200,kl_loss_10,3.0645623207092285
8,200,kl_loss_11,2.914179801940918
8,200,kl_loss_12,3.1098861694335938
8,200,kl_loss_13,3.1202683448791504
8,200,kl_loss_14,2.808931350708008
8,200,kl_loss_15,2.8635976314544678
8,200,kl_loss_16,2.922234535217285
8,200,kl_loss_17,2.6468183994293213
8,200,kl_loss_18,3.150047779083252
8,200,kl_loss_19,3.0360779762268066
8,200,kl_loss_20,2.6968016624450684
8,200,kl_loss_21,2.8491218090057373
8,200,kl_loss_22,3.059602737426758
8,200,kl_loss_23,3.1638760566711426
8,200,kl_loss_24,2.9785523414611816
8,200,kl_loss_25,2.913886785507202
8,200,kl_loss_26,3.171104907989502
8,200,kl_loss_27,3.126737117767334
8,200,kl_loss_28,3.121879816055298
8,200,kl_loss_29,2.875331163406372
8,200,kl_loss_30,2.9366636276245117
8,200,kl_loss_31,3.0314321517944336
8,300,kl_loss_0,2.796813488006592
8,300,kl_loss_1,2.9555816650390625
8,300,kl_loss_2,2.815117835998535
8,300,kl_loss_3,2.8105010986328125
8,300,kl_loss_4,2.451650619506836
8,300,kl_loss_5,2.6327333450317383
8,300,kl_loss_6,2.703205108642578
8,300,kl_loss_7,2.5211944580078125
8,300,kl_loss_8,2.7464749813079834
8,300,kl_loss_9,2.894019603729248
8,300,kl_loss_10,2.802924633026123
8,300,kl_loss_11,2.653866767883301
8,300,kl_loss_12,2.602280616760254
8,300,kl_loss_13,2.6258187294006348
8,300,kl_loss_14,2.7410857677459717
8,300,kl_loss_15,2.6833765506744385
8,300,kl_loss_16,2.557777166366577
8,300,kl_loss_17,2.4816551208496094
8,300,kl_loss_18,2.680612325668335
8,300,kl_loss_19,3.1279516220092773
8,300,kl_loss_20,2.9546926021575928
8,300,kl_loss_21,2.7762770652770996
8,300,kl_loss_22,2.611729145050049
8,300,kl_loss_23,2.798940658569336
8,300,kl_loss_24,2.588916301727295
8,300,kl_loss_25,2.622701644897461
8,300,kl_loss_26,2.7694621086120605
8,300,kl_loss_27,2.654388427734375
8,300,kl_loss_28,2.793208122253418
8,300,kl_loss_29,2.5202207565307617
8,300,kl_loss_30,2.6731858253479004
8,300,kl_loss_31,2.5739917755126953
9,0,kl_loss_0,2.725693941116333
9,0,kl_loss_1,2.667253017425537
9,0,kl_loss_2,2.766375780105591
9,0,kl_loss_3,2.7700448036193848
9,0,kl_loss_4,2.7762928009033203
9,0,kl_loss_5,3.0880544185638428
9,0,kl_loss_6,2.701756000518799
9,0,kl_loss_7,2.983552932739258
9,0,kl_loss_8,2.824514389038086
9,0,kl_loss_9,2.6253902912139893
9,0,kl_loss_10,2.7645187377929688
9,0,kl_loss_11,2.6806211471557617
9,0,kl_loss_12,2.8391504287719727
9,0,kl_loss_13,2.787679433822632
9,0,kl_loss_14,2.625880241394043
9,0,kl_loss_15,2.7512617111206055
9,0,kl_loss_16,2.6266069412231445
9,0,kl_loss_17,2.759840250015259
9,0,kl_loss_18,2.85243558883667
9,0,kl_loss_19,2.846092462539673
9,0,kl_loss_20,2.6634278297424316
9,0,kl_loss_21,2.838305950164795
9,0,kl_loss_22,2.6808791160583496
9,0,kl_loss_23,2.9332051277160645
9,0,kl_loss_24,2.663811683654785
9,0,kl_loss_25,2.6287081241607666
9,0,kl_loss_26,2.655036449432373
9,0,kl_loss_27,2.864222526550293
9,0,kl_loss_28,2.720747470855713
9,0,kl_loss_29,2.9268317222595215
9,0,kl_loss_30,3.034350872039795
9,0,kl_loss_31,2.7383971214294434
9,100,kl_loss_0,3.2354331016540527
9,100,kl_loss_1,3.043397903442383
9,100,kl_loss_2,2.6945083141326904
9,100,kl_loss_3,3.158858060836792
9,100,kl_loss_4,3.0473060607910156
9,100,kl_loss_5,2.841944694519043
9,100,kl_loss_6,3.089900016784668
9,100,kl_loss_7,2.9130589962005615
9,100,kl_loss_8,3.0271480083465576
9,100,kl_loss_9,3.1679067611694336
9,100,kl_loss_10,2.8659369945526123
9,100,kl_loss_11,3.045302629470825
9,100,kl_loss_12,3.0211336612701416
9,100,kl_loss_13,3.371563673019409
9,100,kl_loss_14,2.99275803565979
9,100,kl_loss_15,2.885305643081665
9,100,kl_loss_16,3.6131582260131836
9,100,kl_loss_17,2.9320554733276367
9,100,kl_loss_18,2.8952410221099854
9,100,kl_loss_19,2.7562661170959473
9,100,kl_loss_20,3.3735239505767822
9,100,kl_loss_21,2.8071985244750977
9,100,kl_loss_22,3.125242233276367
9,100,kl_loss_23,3.4910483360290527
9,100,kl_loss_24,2.90545392036438
9,100,kl_loss_25,3.269157886505127
9,100,kl_loss_26,3.002610206604004
9,100,kl_loss_27,2.9083001613616943
9,100,kl_loss_28,3.000570297241211
9,100,kl_loss_29,3.0210354328155518
9,100,kl_loss_30,3.0668952465057373
9,100,kl_loss_31,3.0221447944641113
9,200,kl_loss_0,2.8304686546325684
9,200,kl_loss_1,2.8400492668151855
9,200,kl_loss_2,2.8571949005126953
9,200,kl_loss_3,2.9198148250579834
9,200,kl_loss_4,2.735839605331421
9,200,kl_loss_5,2.6858463287353516
9,200,kl_loss_6,3.126948356628418
9,200,kl_loss_7,2.8339529037475586
9,200,kl_loss_8,2.9771273136138916
9,200,kl_loss_9,2.9201745986938477
9,200,kl_loss_10,2.6490657329559326
9,200,kl_loss_11,2.810852527618408
9,200,kl_loss_12,2.86739444732666
9,200,kl_loss_13,2.9572105407714844
9,200,kl_loss_14,2.833484172821045
9,200,kl_loss_15,2.6219382286071777
9,200,kl_loss_16,2.8299262523651123
9,200,kl_loss_17,2.738861083984375
9,200,kl_loss_18,2.8980050086975098
9,200,kl_loss_19,2.8274614810943604
9,200,kl_loss_20,2.6394195556640625
9,200,kl_loss_21,3.1263253688812256
9,200,kl_loss_22,2.866650104522705
9,200,kl_loss_23,2.8847038745880127
9,200,kl_loss_24,2.7169408798217773
9,200,kl_loss_25,2.6064271926879883
9,200,kl_loss_26,2.8075060844421387
9,200,kl_loss_27,2.8533315658569336
9,200,kl_loss_28,2.8169662952423096
9,200,kl_loss_29,2.968553066253662
9,200,kl_loss_30,2.7781901359558105
9,200,kl_loss_31,2.8041951656341553
9,300,kl_loss_0,3.0596156120300293
9,300,kl_loss_1,3.2689290046691895
9,300,kl_loss_2,3.2370035648345947
9,300,kl_loss_3,3.2693734169006348
9,300,kl_loss_4,2.7276158332824707
9,300,kl_loss_5,3.17875599861145
9,300,kl_loss_6,2.9710662364959717
9,300,kl_loss_7,2.9237444400787354
9,300,kl_loss_8,2.8554534912109375
9,300,kl_loss_9,3.0642666816711426
9,300,kl_loss_10,2.849743604660034
9,300,kl_loss_11,3.044116735458374
9,300,kl_loss_12,2.9405250549316406
9,300,kl_loss_13,3.0473530292510986
9,300,kl_loss_14,3.122817039489746
9,300,kl_loss_15,3.0502660274505615
9,300,kl_loss_16,2.9378316402435303
9,300,kl_loss_17,2.794482469558716
9,300,kl_loss_18,3.029210329055786
9,300,kl_loss_19,2.9939687252044678
9,300,kl_loss_20,3.4031996726989746
9,300,kl_loss_21,3.153994560241699
9,300,kl_loss_22,2.976201057434082
9,300,kl_loss_23,3.18280029296875
9,300,kl_loss_24,3.167933702468872
9,300,kl_loss_25,2.9570508003234863
9,300,kl_loss_26,3.2685699462890625
9,300,kl_loss_27,2.913316011428833
9,300,kl_loss_28,3.2590742111206055
9,300,kl_loss_29,3.004925012588501
9,300,kl_loss_30,2.9282126426696777
9,300,kl_loss_31,3.104154586791992
10,0,kl_loss_0,2.919708251953125
10,0,kl_loss_1,3.4687790870666504
10,0,kl_loss_2,2.8094563484191895
10,0,kl_loss_3,2.991140842437744
10,0,kl_loss_4,3.385289430618286
10,0,kl_loss_5,2.837770462036133
10,0,kl_loss_6,2.8723316192626953
10,0,kl_loss_7,2.823573112487793
10,0,kl_loss_8,3.234622001647949
10,0,kl_loss_9,3.1899571418762207
10,0,kl_loss_10,2.9695372581481934
10,0,kl_loss_11,2.9180431365966797
10,0,kl_loss_12,2.9570083618164062
10,0,kl_loss_13,3.0418975353240967
10,0,kl_loss_14,2.9712557792663574
10,0,kl_loss_15,2.9712636470794678
10,0,kl_loss_16,2.8249616622924805
10,0,kl_loss_17,3.1337876319885254
10,0,kl_loss_18,2.795936107635498
10,0,kl_loss_19,2.9676363468170166
10,0,kl_loss_20,3.008437395095825
10,0,kl_loss_21,2.682288646697998
10,0,kl_loss_22,3.04361629486084
10,0,kl_loss_23,3.0453526973724365
10,0,kl_loss_24,2.69956636428833
10,0,kl_loss_25,2.833855628967285
10,0,kl_loss_26,2.7561349868774414
10,0,kl_loss_27,2.9971141815185547
10,0,kl_loss_28,3.0987489223480225
10,0,kl_loss_29,3.2828454971313477
10,0,kl_loss_30,3.020540714263916
10,0,kl_loss_31,2.744493246078491
10,100,kl_loss_0,2.9170210361480713
10,100,kl_loss_1,2.696279287338257
10,100,kl_loss_2,2.694282054901123
10,100,kl_loss_3,2.873220920562744
10,100,kl_loss_4,3.0447816848754883
10,100,kl_loss_5,3.012727975845337
10,100,kl_loss_6,2.691962480545044
10,100,kl_loss_7,2.8502864837646484
10,100,kl_loss_8,2.953251838684082
10,100,kl_loss_9,2.8567066192626953
10,100,kl_loss_10,3.0291244983673096
10,100,kl_loss_11,2.8317456245422363
10,100,kl_loss_12,2.765455484390259
10,100,kl_loss_13,2.716247797012329
10,100,kl_loss_14,2.722424030303955
10,100,kl_loss_15,3.0573325157165527
10,100,kl_loss_16,2.8683736324310303
10,100,kl_loss_17,2.7666141986846924
10,100,kl_loss_18,2.9130959510803223
10,100,kl_loss_19,2.804792881011963
10,100,kl_loss_20,2.620551347732544
10,100,kl_loss_21,3.0562610626220703
10,100,kl_loss_22,2.785219669342041
10,100,kl_loss_23,2.7294702529907227
10,100,kl_loss_24,2.892805576324463
10,100,kl_loss_25,2.6200649738311768
10,100,kl_loss_26,2.8311853408813477
10,100,kl_loss_27,2.8076987266540527
10,100,kl_loss_28,3.1255035400390625
10,100,kl_loss_29,2.8411459922790527
10,100,kl_loss_30,2.972266435623169
10,100,kl_loss_31,2.6557960510253906
10,200,kl_loss_0,2.9289841651916504
10,200,kl_loss_1,2.911039113998413
10,200,kl_loss_2,3.214381217956543
10,200,kl_loss_3,2.9852166175842285
10,200,kl_loss_4,3.211423397064209
10,200,kl_loss_5,3.001124382019043
10,200,kl_loss_6,2.8556182384490967
10,200,kl_loss_7,3.089395523071289
10,200,kl_loss_8,2.81611967086792
10,200,kl_loss_9,3.1466808319091797
10,200,kl_loss_10,3.36611008644104
10,200,kl_loss_11,3.0793936252593994
10,200,kl_loss_12,2.966770648956299
10,200,kl_loss_13,2.89676833152771
10,200,kl_loss_14,3.2310781478881836
10,200,kl_loss_15,3.1703481674194336
10,200,kl_loss_16,2.8707308769226074
10,200,kl_loss_17,3.079052448272705
10,200,kl_loss_18,3.0739519596099854
10,200,kl_loss_19,3.1318624019622803
10,200,kl_loss_20,3.0895724296569824
10,200,kl_loss_21,3.00571870803833
10,200,kl_loss_22,3.074127197265625
10,200,kl_loss_23,2.850372552871704
10,200,kl_loss_24,2.915771722793579
10,200,kl_loss_25,2.94980525970459
10,200,kl_loss_26,3.081577777862549
10,200,kl_loss_27,3.0374531745910645
10,200,kl_loss_28,3.256068706512451
10,200,kl_loss_29,2.8853206634521484
10,200,kl_loss_30,3.0308570861816406
10,200,kl_loss_31,2.9821181297302246
10,300,kl_loss_0,3.1074564456939697
10,300,kl_loss_1,2.7885475158691406
10,300,kl_loss_2,2.884394884109497
10,300,kl_loss_3,2.9543232917785645
10,300,kl_loss_4,2.941683769226074
10,300,kl_loss_5,3.1493823528289795
10,300,kl_loss_6,2.882645845413208
10,300,kl_loss_7,2.8670294284820557
10,300,kl_loss_8,2.8971667289733887
10,300,kl_loss_9,3.1270315647125244
10,300,kl_loss_10,3.0314249992370605
10,300,kl_loss_11,3.180779457092285
10,300,kl_loss_12,2.997076988220215
10,300,kl_loss_13,2.9266810417175293
10,300,kl_loss_14,3.196089267730713
10,300,kl_loss_15,2.7581634521484375
10,300,kl_loss_16,3.0088253021240234
10,300,kl_loss_17,3.273890972137451
10,300,kl_loss_18,2.8627874851226807
10,300,kl_loss_19,2.768315315246582
10,300,kl_loss_20,2.9610815048217773
10,300,kl_loss_21,3.3670449256896973
10,300,kl_loss_22,3.026644229888916
10,300,kl_loss_23,3.0383963584899902
10,300,kl_loss_24,2.8335509300231934
10,300,kl_loss_25,3.3671343326568604
10,300,kl_loss_26,3.023473024368286
10,300,kl_loss_27,2.923821210861206
10,300,kl_loss_28,3.194549083709717
10,300,kl_loss_29,3.180891275405884
10,300,kl_loss_30,2.8294150829315186
10,300,kl_loss_31,2.775967597961426
11,0,kl_loss_0,2.8183977603912354
11,0,kl_loss_1,3.1621172428131104
11,0,kl_loss_2,2.976539134979248
11,0,kl_loss_3,2.6747207641601562
11,0,kl_loss_4,2.711113929748535
11,0,kl_loss_5,2.898756504058838
11,0,kl_loss_6,2.6758694648742676
11,0,kl_loss_7,2.7622501850128174
11,0,kl_loss_8,3.0861496925354004
11,0,kl_loss_9,2.7898447513580322
11,0,kl_loss_10,3.0107576847076416
11,0,kl_loss_11,3.114901065826416
11,0,kl_loss_12,3.1030874252319336
11,0,kl_loss_13,3.0380008220672607
11,0,kl_loss_14,2.6369640827178955
11,0,kl_loss_15,2.6525769233703613
11,0,kl_loss_16,3.2231860160827637
11,0,kl_loss_17,2.6002416610717773
11,0,kl_loss_18,2.685304641723633
11,0,kl_loss_19,2.9320530891418457
11,0,kl_loss_20,2.7596263885498047
11,0,kl_loss_21,2.973172187805176
11,0,kl_loss_22,2.9319326877593994
11,0,kl_loss_23,2.665771722793579
11,0,kl_loss_24,2.799069404602051
11,0,kl_loss_25,2.8339695930480957
11,0,kl_loss_26,3.0290846824645996
11,0,kl_loss_27,3.38405704498291
11,0,kl_loss_28,3.1692662239074707
11,0,kl_loss_29,2.6294620037078857
11,0,kl_loss_30,2.7161500453948975
11,0,kl_loss_31,2.8714518547058105
11,100,kl_loss_0,2.888338088989258
11,100,kl_loss_1,2.989605188369751
11,100,kl_loss_2,3.0654640197753906
11,100,kl_loss_3,2.7191567420959473
11,100,kl_loss_4,2.6963260173797607
11,100,kl_loss_5,3.210758686065674
11,100,kl_loss_6,2.602748394012451
11,100,kl_loss_7,2.830549478530884
11,100,kl_loss_8,2.8762502670288086
11,100,kl_loss_9,3.1429290771484375
11,100,kl_loss_10,3.1846394538879395
11,100,kl_loss_11,2.928391218185425
11,100,kl_loss_12,2.7653589248657227
11,100,kl_loss_13,2.8554160594940186
11,100,kl_loss_14,2.908277988433838
11,100,kl_loss_15,2.7287635803222656
11,100,kl_loss_16,2.702775001525879
11,100,kl_loss_17,3.154083728790283
11,100,kl_loss_18,2.9980881214141846
11,100,kl_loss_19,2.8446431159973145
11,100,kl_loss_20,2.775866746902466
11,100,kl_loss_21,2.8696603775024414
11,100,kl_loss_22,2.7478630542755127
11,100,kl_loss_23,2.890770435333252
11,100,kl_loss_24,2.9366583824157715
11,100,kl_loss_25,2.7580442428588867
11,100,kl_loss_26,2.808436393737793
11,100,kl_loss_27,3.016124725341797
11,100,kl_loss_28,3.1509921550750732
11,100,kl_loss_29,2.982304096221924
11,100,kl_loss_30,3.016744375228882
11,100,kl_loss_31,2.8282692432403564
11,200,kl_loss_0,3.0615382194519043
11,200,kl_loss_1,3.370851993560791
11,200,kl_loss_2,2.8643105030059814
11,200,kl_loss_3,2.9659581184387207
11,200,kl_loss_4,3.1628990173339844
11,200,kl_loss_5,3.168084144592285
11,200,kl_loss_6,3.1598377227783203
11,200,kl_loss_7,2.9877536296844482
11,200,kl_loss_8,3.4470090866088867
11,200,kl_loss_9,3.167104959487915
11,200,kl_loss_10,3.216465473175049
11,200,kl_loss_11,2.927774429321289
11,200,kl_loss_12,2.9389967918395996
11,200,kl_loss_13,3.3106422424316406
11,200,kl_loss_14,3.089859962463379
11,200,kl_loss_15,3.0107991695404053
11,200,kl_loss_16,2.9798526763916016
11,200,kl_loss_17,3.1506190299987793
11,200,kl_loss_18,3.0394437313079834
11,200,kl_loss_19,2.963430881500244
11,200,kl_loss_20,3.053511142730713
11,200,kl_loss_21,2.867330312728882
11,200,kl_loss_22,3.0327961444854736
11,200,kl_loss_23,3.1707866191864014
11,200,kl_loss_24,3.0454916954040527
11,200,kl_loss_25,3.6196141242980957
11,200,kl_loss_26,3.2541961669921875
11,200,kl_loss_27,3.151515483856201
11,200,kl_loss_28,2.967388391494751
11,200,kl_loss_29,3.040782928466797
11,200,kl_loss_30,2.9359891414642334
11,200,kl_loss_31,3.389425754547119
11,300,kl_loss_0,2.8348474502563477
11,300,kl_loss_1,3.016918182373047
11,300,kl_loss_2,2.815582752227783
11,300,kl_loss_3,2.9609124660491943
11,300,kl_loss_4,2.813962459564209
11,300,kl_loss_5,3.1327452659606934
11,300,kl_loss_6,2.7257747650146484
11,300,kl_loss_7,3.0035181045532227
11,300,kl_loss_8,3.084953784942627
11,300,kl_loss_9,3.250518798828125
11,300,kl_loss_10,2.8281354904174805
11,300,kl_loss_11,2.638701915740967
11,300,kl_loss_12,2.7347495555877686
11,300,kl_loss_13,3.1325671672821045
11,300,kl_loss_14,2.927372455596924
11,300,kl_loss_15,2.7611498832702637
11,300,kl_loss_16,2.9712252616882324
11,300,kl_loss_17,2.801109790802002
11,300,kl_loss_18,2.773786783218384
11,300,kl_loss_19,2.8182671070098877
11,300,kl_loss_20,2.653468608856201
11,300,kl_loss_21,2.8994667530059814
11,300,kl_loss_22,2.940809488296509
11,300,kl_loss_23,3.005150318145752
11,300,kl_loss_24,2.9095897674560547
11,300,kl_loss_25,2.740279197692871
11,300,kl_loss_26,2.9676904678344727
11,300,kl_loss_27,2.8907630443573
11,300,kl_loss_28,2.938927412033081
11,300,kl_loss_29,2.832376718521118
11,300,kl_loss_30,2.930588960647583
11,300,kl_loss_31,2.79953670501709
12,0,kl_loss_0,2.7184536457061768
12,0,kl_loss_1,3.0451624393463135
12,0,kl_loss_2,2.794238805770874
12,0,kl_loss_3,3.050739288330078
12,0,kl_loss_4,2.7273402214050293
12,0,kl_loss_5,2.9056458473205566
12,0,kl_loss_6,2.863980770111084
12,0,kl_loss_7,2.848693370819092
12,0,kl_loss_8,2.808534622192383
12,0,kl_loss_9,3.3029818534851074
12,0,kl_loss_10,2.809095859527588
12,0,kl_loss_11,2.998126268386841
12,0,kl_loss_12,2.625415086746216
12,0,kl_loss_13,2.9370057582855225
12,0,kl_loss_14,2.844862937927246
12,0,kl_loss_15,2.690443754196167
12,0,kl_loss_16,3.0418753623962402
12,0,kl_loss_17,2.8420937061309814
12,0,kl_loss_18,2.767883777618408
12,0,kl_loss_19,3.3663344383239746
12,0,kl_loss_20,2.918508529663086
12,0,kl_loss_21,2.712996482849121
12,0,kl_loss_22,2.7985010147094727
12,0,kl_loss_23,3.2009878158569336
12,0,kl_loss_24,2.887111186981201
12,0,kl_loss_25,2.9764983654022217
12,0,kl_loss_26,2.78133487701416
12,0,kl_loss_27,2.746640920639038
12,0,kl_loss_28,2.874173402786255
12,0,kl_loss_29,2.668039321899414
12,0,kl_loss_30,2.9488320350646973
12,0,kl_loss_31,2.7612226009368896
